8.88889e-06
0
0
3.55556e-06
1.77778e-06
0
5.33333e-06
0
3.55556e-06
7.11111e-06
3.55556e-06
3.55556e-06
1.06667e-05
1.24444e-05
5.33333e-06
1.06667e-05
1.77778e-05
8.88889e-06
1.77778e-05
2.31111e-05
1.95556e-05
1.77778e-05
2.66667e-05
2.84444e-05
2.48889e-05
1.77778e-05
3.37778e-05
3.2e-05
3.37778e-05
3.37778e-05
1.6e-05
3.02222e-05
4.44444e-05
4.97778e-05
5.86667e-05
4.62222e-05
6.4e-05
6.75556e-05
7.11111e-05
9.24444e-05
9.6e-05
9.24444e-05
0.000128
0.000142222
0.000151111
0.000163556
0.000168889
0.00024
0.000264889
0.000218667
0.000286222
0.000334222
0.000337778
0.000403556
0.000408889
0.000430222
0.000424889
0.000540444
0.000524444
0.000624
0.000572444
0.000647111
0.000686222
0.000718222
0.000853333
0.000974222
0.000961778
0.00103111
0.001232
0.00137956
0.00188622
0.00220444
0.00294578
0.00340267
0.00643911
0.00529422
0.0406453
0.00452267
0.00491733
0.00232533
0.00176356
0.00132089
0.00106844
0.000913778
0.000807111
0.000689778
0.000661333
0.000647111
0.00056
0.000576
0.000579556
0.00056
0.000592
0.000625778
0.000622222
0.000615111
0.000586667
0.000608
0.000624
0.000627556
0.000648889
0.000641778
0.00064
0.000632889
0.000672
0.000716444
0.000712889
0.000784
0.000748444
0.000757333
0.0008
0.000716444
0.000691556
0.000714667
0.000727111
0.000707556
0.000768
0.000721778
0.000803556
0.000823111
0.000819556
0.000832
0.000887111
0.000933333
0.00113067
0.00116622
0.00131378
0.00143289
0.00162667
0.00179733
0.00297244
0.00204267
0.003728
0.00195556
0.00204267
0.00212444
0.002416
0.002624
0.00422578
0.00385244
0.0118649
0.004704
0.00655822
0.00451911
0.00871644
0.00474489
0.059712
0.00424178
0.00580444
0.00366222
0.0101831
0.00326044
0.00447467
0.00329067
0.00466667
0.00357333
0.00530133
0.00461156
0.0194756
0.00608356
0.030224
0.00486222
0.00618489
0.00329244
0.00817067
0.00254933
0.00255289
0.00162667
0.00166044
0.00136178
0.00118578
0.00120711
0.00122133
0.00116444
0.00101156
0.00102222
0.000992
0.00101156
0.000979556
0.00102756
0.00102578
0.000936889
0.000976
0.000947556
0.000976
0.000981333
0.00100978
0.000990222
0.00100444
0.00107911
0.00106311
0.00112533
0.00118044
0.00124444
0.00129422
0.00144889
0.00169778
0.00203022
0.00271111
0.00291911
0.00841956
0.00525511
0.0352516
0.00677689
0.0272516
0.007568
0.0250187
0.00878044
0.0191022
0.0102969
0.0248818
0.0114187
0.0210222
0.0126827
0.0640747
0.0117476
0.0199253
0.00927467
0.0113298
0.00624711
0.00727289
0.00522489
0.00565689
0.00479644
0.00548444
0.00487289
0.0101156
0.00484978
0.00688711
0.00597867
0.0107289
0.00857244
0.0368409
0.00817956
0.0488604
0.00568356
0.00599644
0.00371556
0.00384533
0.00318044
0.00345956
0.00253511
0.00360711
0.00180444
0.00286756
0.00112711
0.00114489
0.000467556
0.000296889
9.95556e-05
4.26667e-05
4.08889e-05
1.24444e-05
1.24444e-05
1.77778e-05
2.31111e-05
